6
219 127
101 281
230 429
526 160
400 276
481 424
6
171 113
158 252
158 422
357 124
363 284
357 442
6
330 112
188 127
167 245
538 410
540 512
434 527
5
56 92
354 91
581 91
52 108
583 108
5
281 408
282 390
287 358
296 300
297 246
5
47 315
178 325
333 325
466 329
548 335
6
309 124
138 298
157 462
470 134
519 252
444 369
6
204 241
438 241
204 284
439 284
33 263
572 260
6
274 149
159 273
226 448
418 211
479 354
414 453
6
209 166
112 370
275 436
385 173
487 349
380 464
6
291 127
136 305
161 63
499 94
406 135
495 326
5
210 143
200 377
187 225
456 240
449 301
7
172 154
117 307
185 439
316 301
469 190
483 343
393 443
3
4 1
100 25
400 100
4
100 200
200 100
100 100
200 200
4
193 64
193 370
103 200
283 200
4
331 179
233 276
432 275
330 229
4
75 75
167 167
250 250
147 187
4
100 100
100 200
50 200
150 200
5
123 456
213 478
11 590
234 77
99 68
5
123 456
456 123
1 1
120 459
400 100
5
567 234
79 34
34 90
432 453
77 111
6
12 89
124 592
131 11
543 212
23 400
312 12
12
23 204
123 432
342 521
292 341
34 421
591 591
13 56
324 65
324 93
63 24
52 599
43 435
15
24 42
432 43
63 24
43 542
412 324
2 1
543 432
99 18
59 321
243 85
4 9
25 97
11 567
469 413
197 328
4
331 179
233 276
432 275
330 229
4
75 75
167 167
250 250
147 187
4
100 100
100 200
50 200
150 200
5
123 456
213 478
11 590
234 77
99 68
5
123 456
456 123
1 1
120 459
400 100
5
567 234
79 34
34 90
432 453
77 111
6
12 89
124 592
131 11
543 212
23 400
312 12
12
23 204
123 432
342 521
292 341
34 421
591 591
13 56
324 65
324 93
63 24
52 599
43 435
15
24 42
432 43
63 24
43 542
412 324
2 1
543 432
99 18
59 321
243 85
4 9
25 97
11 567
469 413
197 328
#兩點
2
110 200
110 220
2
110 200
130 200
2
40 42
130 118
2
542 26
448 81
2
51 564
102 438
2
512 513
414 457
3
136 212
336 512
136 212


#
#
#三點-共線
3
110 200
110 220
110 260
3
110 200
140 200
150 200
#三點-外心在內
3
250 179
211 412
406 317
3
129 410
564 412
355 107
3
45 209
424 586
578 114
#三點-直角
3
134 385
247 385
247 353
3
134 385
247 385
134 353
3
134 385
247 385
247 423
3
134 385
247 385
134 403
#三點-外心在外
3
134 385
247 385
277 353
3
134 385
247 385
57 353
3
134 385
247 385
347 443
3
134 385
247 385
77 443
3
134 385
134 245
347 443
3
134 385
134 245
347 123
3
134 385
134 245
47 443
3
134 385
134 245
27 43
3
136 212
136 212
136 212
3
336 512
136 212
136 212
3
136 212
136 212
336 512
3
1000000 200
1000000 300
1000000 400
0
3
134 385
247 385
277 353